Freq(Hz) 	Data
0.700	-0.395
0.701	-0.400
0.702	-0.401
0.703	-0.405
0.704	-0.409
0.705	-0.413
0.706	-0.415
0.707	-0.419
0.708	-0.423
0.709	-0.426
0.710	-0.431
0.711	-0.438
0.712	-0.440
0.713	-0.446
0.714	-0.450
0.715	-0.455
0.716	-0.462
0.717	-0.466
0.718	-0.472
0.719	-0.476
0.720	-0.482
0.721	-0.488
0.722	-0.496
0.723	-0.501
0.724	-0.508
0.725	-0.515
0.726	-0.522
0.727	-0.528
0.728	-0.537
0.729	-0.542
0.730	-0.553
0.731	-0.562
0.732	-0.570
0.733	-0.580
0.734	-0.589
0.735	-0.600
0.736	-0.608
0.737	-0.619
0.738	-0.630
0.739	-0.641
0.740	-0.653
0.741	-0.663
0.742	-0.677
0.743	-0.687
0.744	-0.703
0.745	-0.713
0.746	-0.730
0.747	-0.743
0.748	-0.759
0.749	-0.776
0.750	-0.793
0.751	-0.811
0.752	-0.826
0.753	-0.846
0.754	-0.865
0.755	-0.885
0.756	-0.907
0.757	-0.931
0.758	-0.951
0.759	-0.975
0.760	-1.003
0.761	-1.028
0.762	-1.057
0.763	-1.088
0.764	-1.120
0.765	-1.151
0.766	-1.187
0.767	-1.224
0.768	-1.263
0.769	-1.306
0.770	-1.347
0.771	-1.399
0.772	-1.444
0.773	-1.498
0.774	-1.554
0.775	-1.618
0.776	-1.686
0.777	-1.755
0.778	-1.833
0.779	-1.919
0.780	-2.008
0.781	-2.108
0.782	-2.215
0.783	-2.336
0.784	-2.464
0.785	-2.610
0.786	-2.773
0.787	-2.954
0.788	-3.156
0.789	-3.383
0.790	-3.642
0.791	-3.938
0.792	-4.270
0.793	-4.652
0.794	-5.091
0.795	-5.592
0.796	-6.164
0.797	-6.817
0.798	-7.551
0.799	-8.370
0.800	-9.267
0.801	-10.195
0.802	-11.074
0.803	-11.770
0.804	-12.098
0.805	-11.975
0.806	-11.474
0.807	-10.761
0.808	-9.990
0.809	-9.258
0.810	-8.616
0.811	-8.068
0.812	-7.620
0.813	-7.258
0.814	-6.973
0.815	-6.757
0.816	-6.595
0.817	-6.491
0.818	-6.424
0.819	-6.397
0.820	-6.404
0.821	-6.440
0.822	-6.499
0.823	-6.576
0.824	-6.666
0.825	-6.762
0.826	-6.857
0.827	-6.942
0.828	-7.009
0.829	-7.063
0.830	-7.096
0.831	-7.111
0.832	-7.118
0.833	-7.118
0.834	-7.109
0.835	-7.096
0.836	-7.073
0.837	-7.027
0.838	-6.969
0.839	-6.880
0.840	-6.757
0.841	-6.603
0.842	-6.424
0.843	-6.224
0.844	-6.018
0.845	-5.799
0.846	-5.589
0.847	-5.382
0.848	-5.181
0.849	-4.985
0.850	-4.802
0.851	-4.626
0.852	-4.455
0.853	-4.293
0.854	-4.138
0.855	-3.989
0.856	-3.848
0.857	-3.711
0.858	-3.583
0.859	-3.458
0.860	-3.341
0.861	-3.228
0.862	-3.120
0.863	-3.017
0.864	-2.917
0.865	-2.823
0.866	-2.735
0.867	-2.648
0.868	-2.566
0.869	-2.487
0.870	-2.413
0.871	-2.342
0.872	-2.272
0.873	-2.209
0.874	-2.145
0.875	-2.084
0.876	-2.028
0.877	-1.973
0.878	-1.922
0.879	-1.872
0.880	-1.823
0.881	-1.777
0.882	-1.733
0.883	-1.689
0.884	-1.649
0.885	-1.610
0.886	-1.570
0.887	-1.536
0.888	-1.499
0.889	-1.466
0.890	-1.434
0.891	-1.402
0.892	-1.371
0.893	-1.342
0.894	-1.316
0.895	-1.286
0.896	-1.262
0.897	-1.235
0.898	-1.211
0.899	-1.186
0.900	-1.166
