Freq(Hz) 	Data
0.700	-0.334
0.702	-0.336
0.704	-0.337
0.706	-0.339
0.708	-0.339
0.710	-0.342
0.712	-0.342
0.714	-0.345
0.716	-0.347
0.718	-0.349
0.720	-0.351
0.722	-0.354
0.724	-0.356
0.726	-0.362
0.728	-0.363
0.730	-0.366
0.732	-0.371
0.734	-0.373
0.736	-0.378
0.738	-0.380
0.740	-0.385
0.742	-0.387
0.744	-0.390
0.746	-0.395
0.748	-0.398
0.750	-0.400
0.752	-0.404
0.754	-0.408
0.756	-0.411
0.758	-0.415
0.760	-0.420
0.762	-0.423
0.764	-0.427
0.766	-0.434
0.768	-0.437
0.770	-0.443
0.772	-0.448
0.774	-0.454
0.776	-0.459
0.778	-0.465
0.780	-0.470
0.782	-0.476
0.784	-0.484
0.786	-0.491
0.788	-0.500
0.790	-0.506
0.792	-0.517
0.794	-0.525
0.796	-0.535
0.798	-0.546
0.800	-0.556
0.802	-0.566
0.804	-0.578
0.806	-0.590
0.808	-0.604
0.810	-0.615
0.812	-0.630
0.814	-0.642
0.816	-0.657
0.818	-0.673
0.820	-0.693
0.822	-0.708
0.824	-0.727
0.826	-0.748
0.828	-0.768
0.830	-0.791
0.832	-0.815
0.834	-0.840
0.836	-0.866
0.838	-0.895
0.840	-0.924
0.842	-0.954
0.844	-0.985
0.846	-1.020
0.848	-1.057
0.850	-1.095
0.852	-1.134
0.854	-1.179
0.856	-1.226
0.858	-1.277
0.860	-1.331
0.862	-1.390
0.864	-1.451
0.866	-1.522
0.868	-1.593
0.870	-1.672
0.872	-1.759
0.874	-1.853
0.876	-1.956
0.878	-2.070
0.880	-2.195
0.882	-2.336
0.884	-2.490
0.886	-2.667
0.888	-2.868
0.890	-3.098
0.892	-3.364
0.894	-3.678
0.896	-4.049
0.898	-4.499
0.900	-5.049
0.902	-5.727
0.904	-6.575
0.906	-7.630
0.908	-8.934
0.910	-10.487
0.912	-12.191
0.914	-13.779
0.916	-14.887
0.918	-15.338
0.920	-15.321
0.922	-15.061
0.924	-14.648
0.926	-14.088
0.928	-13.405
0.930	-12.648
0.932	-11.898
0.934	-11.213
0.936	-10.620
0.938	-10.146
0.940	-9.772
0.942	-9.494
0.944	-9.273
0.946	-9.070
0.948	-8.819
0.950	-8.449
0.952	-7.945
0.954	-7.337
0.956	-6.697
0.958	-6.081
0.960	-5.529
0.962	-5.048
0.964	-4.639
0.966	-4.287
0.968	-3.984
0.970	-3.724
0.972	-3.491
0.974	-3.289
0.976	-3.106
0.978	-2.943
0.980	-2.793
0.982	-2.659
0.984	-2.535
0.986	-2.419
0.988	-2.314
0.990	-2.218
0.992	-2.127
0.994	-2.042
0.996	-1.965
0.998	-1.891
1.000	-1.823
1.002	-1.760
1.004	-1.698
1.006	-1.642
1.008	-1.588
1.010	-1.538
1.012	-1.494
1.014	-1.448
1.016	-1.406
1.018	-1.367
1.020	-1.331
1.022	-1.296
1.024	-1.262
1.026	-1.232
1.028	-1.201
1.030	-1.174
1.032	-1.146
1.034	-1.120
1.036	-1.097
1.038	-1.072
1.040	-1.052
1.042	-1.033
1.044	-1.015
1.046	-0.996
1.048	-0.977
1.050	-0.962
1.052	-0.948
1.054	-0.931
1.056	-0.916
1.058	-0.901
1.060	-0.887
1.062	-0.873
1.064	-0.861
1.066	-0.850
1.068	-0.842
1.070	-0.830
1.072	-0.823
1.074	-0.814
1.076	-0.806
1.078	-0.799
1.080	-0.792
1.082	-0.785
1.084	-0.779
1.086	-0.773
1.088	-0.768
1.090	-0.764
1.092	-0.757
1.094	-0.750
1.096	-0.745
1.098	-0.740
1.100	-0.734
