Freq(Hz) 	Data
0.700	-55.950
0.701	-55.951
0.702	-56.069
0.703	-56.143
0.704	-56.282
0.705	-56.264
0.706	-56.420
0.707	-56.528
0.708	-56.741
0.709	-56.779
0.710	-56.930
0.711	-57.002
0.712	-57.202
0.713	-57.415
0.714	-57.599
0.715	-57.742
0.716	-57.883
0.717	-58.039
0.718	-58.494
0.719	-58.342
0.720	-58.853
0.721	-59.032
0.722	-59.429
0.723	-59.433
0.724	-59.695
0.725	-60.006
0.726	-60.278
0.727	-60.500
0.728	-60.955
0.729	-61.021
0.730	-61.428
0.731	-61.771
0.732	-61.897
0.733	-62.301
0.734	-62.861
0.735	-63.046
0.736	-63.598
0.737	-64.047
0.738	-64.108
0.739	-64.779
0.740	-65.046
0.741	-65.407
0.742	-66.135
0.743	-66.586
0.744	-67.096
0.745	-67.204
0.746	-67.523
0.747	-67.741
0.748	-67.664
0.749	-67.531
0.750	-67.100
0.751	-66.685
0.752	-66.148
0.753	-65.361
0.754	-64.627
0.755	-64.083
0.756	-63.336
0.757	-63.069
0.758	-62.213
0.759	-61.591
0.760	-61.036
0.761	-60.037
0.762	-59.523
0.763	-58.802
0.764	-57.974
0.765	-57.236
0.766	-56.635
0.767	-55.871
0.768	-55.086
0.769	-54.289
0.770	-53.657
0.771	-52.846
0.772	-52.068
0.773	-51.285
0.774	-50.463
0.775	-49.672
0.776	-48.907
0.777	-48.043
0.778	-47.193
0.779	-46.340
0.780	-45.489
0.781	-44.568
0.782	-43.703
0.783	-42.773
0.784	-41.814
0.785	-40.907
0.786	-39.871
0.787	-38.868
0.788	-37.857
0.789	-36.824
0.790	-35.759
0.791	-34.695
0.792	-33.605
0.793	-32.510
0.794	-31.410
0.795	-30.334
0.796	-29.245
0.797	-28.184
0.798	-27.159
0.799	-26.172
0.800	-25.238
0.801	-24.377
0.802	-23.578
0.803	-22.885
0.804	-22.281
0.805	-21.769
0.806	-21.357
0.807	-21.048
0.808	-20.818
0.809	-20.670
0.810	-20.585
0.811	-20.568
0.812	-20.581
0.813	-20.637
0.814	-20.733
0.815	-20.823
0.816	-20.947
0.817	-21.052
0.818	-21.157
0.819	-21.260
0.820	-21.350
0.821	-21.424
0.822	-21.495
0.823	-21.538
0.824	-21.576
0.825	-21.589
0.826	-21.589
0.827	-21.585
0.828	-21.565
0.829	-21.549
0.830	-21.544
0.831	-21.544
0.832	-21.565
0.833	-21.628
0.834	-21.727
0.835	-21.895
0.836	-22.147
0.837	-22.482
0.838	-22.910
0.839	-23.429
0.840	-24.031
0.841	-24.731
0.842	-25.494
0.843	-26.300
0.844	-27.153
0.845	-28.005
0.846	-28.908
0.847	-29.824
0.848	-30.714
0.849	-31.604
0.850	-32.502
0.851	-33.387
0.852	-34.290
0.853	-35.118
0.854	-36.021
0.855	-36.793
0.856	-37.651
0.857	-38.436
0.858	-39.226
0.859	-39.971
0.860	-40.726
0.861	-41.432
0.862	-42.195
0.863	-42.935
0.864	-43.569
0.865	-44.209
0.866	-44.884
0.867	-45.580
0.868	-46.080
0.869	-46.719
0.870	-47.261
0.871	-47.828
0.872	-48.315
0.873	-48.793
0.874	-49.297
0.875	-49.752
0.876	-50.183
0.877	-50.545
0.878	-50.885
0.879	-51.259
0.880	-51.670
0.881	-51.925
0.882	-52.190
0.883	-52.456
0.884	-52.648
0.885	-52.867
0.886	-53.124
0.887	-53.332
0.888	-53.441
0.889	-53.618
0.890	-53.800
0.891	-53.871
0.892	-54.002
0.893	-54.088
0.894	-54.125
0.895	-54.290
0.896	-54.308
0.897	-54.400
0.898	-54.492
0.899	-54.521
0.900	-54.623
