Freq(Hz) 	Data
0.700	-45.176
0.702	-45.147
0.704	-45.425
0.706	-45.568
0.708	-45.793
0.710	-46.021
0.712	-46.257
0.714	-46.525
0.716	-46.814
0.718	-47.033
0.720	-47.340
0.722	-47.678
0.724	-48.012
0.726	-48.416
0.728	-48.839
0.730	-49.261
0.732	-49.611
0.734	-49.973
0.736	-50.342
0.738	-50.824
0.740	-51.275
0.742	-51.640
0.744	-52.223
0.746	-52.713
0.748	-53.466
0.750	-54.013
0.752	-55.015
0.754	-55.525
0.756	-56.331
0.758	-56.896
0.760	-57.409
0.762	-58.017
0.764	-58.472
0.766	-58.854
0.768	-59.066
0.770	-58.975
0.772	-59.084
0.774	-58.977
0.776	-58.567
0.778	-58.291
0.780	-57.948
0.782	-57.587
0.784	-57.325
0.786	-56.917
0.788	-56.531
0.790	-56.156
0.792	-55.784
0.794	-55.548
0.796	-55.155
0.798	-54.830
0.800	-54.380
0.802	-54.114
0.804	-53.718
0.806	-53.174
0.808	-52.833
0.810	-52.508
0.812	-52.104
0.814	-51.723
0.816	-51.333
0.818	-50.935
0.820	-50.604
0.822	-50.211
0.824	-49.855
0.826	-49.525
0.828	-49.107
0.830	-48.776
0.832	-48.424
0.834	-48.095
0.836	-47.849
0.838	-47.530
0.840	-47.210
0.842	-46.862
0.844	-46.465
0.846	-46.087
0.848	-45.752
0.850	-45.422
0.852	-45.084
0.854	-44.763
0.856	-44.398
0.858	-43.975
0.860	-43.589
0.862	-43.189
0.864	-42.759
0.866	-42.281
0.868	-41.866
0.870	-41.279
0.872	-40.708
0.874	-40.082
0.876	-39.389
0.878	-38.652
0.880	-37.792
0.882	-36.939
0.884	-35.969
0.886	-34.880
0.888	-33.698
0.890	-32.455
0.892	-31.075
0.894	-29.659
0.896	-28.100
0.898	-26.530
0.900	-24.892
0.902	-23.243
0.904	-21.596
0.906	-19.979
0.908	-18.451
0.910	-17.046
0.912	-15.802
0.914	-14.749
0.916	-13.890
0.918	-13.210
0.920	-12.691
0.922	-12.302
0.924	-12.023
0.926	-11.844
0.928	-11.744
0.930	-11.718
0.932	-11.753
0.934	-11.838
0.936	-11.965
0.938	-12.125
0.940	-12.322
0.942	-12.555
0.944	-12.849
0.946	-13.229
0.948	-13.732
0.950	-14.392
0.952	-15.244
0.954	-16.285
0.956	-17.493
0.958	-18.850
0.960	-20.285
0.962	-21.782
0.964	-23.317
0.966	-24.834
0.968	-26.330
0.970	-27.838
0.972	-29.264
0.974	-30.704
0.976	-32.091
0.978	-33.434
0.980	-34.774
0.982	-36.056
0.984	-37.303
0.986	-38.479
0.988	-39.674
0.990	-40.750
0.992	-41.880
0.994	-42.879
0.996	-43.885
0.998	-44.867
1.000	-45.772
1.002	-46.670
1.004	-47.550
1.006	-48.412
1.008	-49.217
1.010	-50.118
1.012	-50.793
1.014	-51.440
1.016	-52.059
1.018	-52.508
1.020	-52.870
1.022	-53.218
1.024	-53.396
1.026	-53.669
1.028	-53.817
1.030	-53.919
1.032	-53.778
1.034	-53.588
1.036	-53.362
1.038	-52.991
1.040	-52.426
1.042	-51.846
1.044	-51.219
1.046	-50.607
1.048	-50.024
1.050	-49.448
1.052	-48.964
1.054	-48.577
1.056	-48.208
1.058	-47.825
1.060	-47.460
1.062	-47.168
1.064	-46.773
1.066	-46.429
1.068	-46.091
1.070	-45.704
1.072	-45.357
1.074	-44.989
1.076	-44.569
1.078	-44.126
1.080	-43.647
1.082	-43.229
1.084	-42.771
1.086	-42.351
1.088	-41.948
1.090	-41.588
1.092	-41.206
1.094	-40.953
1.096	-40.664
1.098	-40.475
1.100	-40.207
