Freq(Hz) 	Data
0.700	-55.714
0.701	-55.876
0.702	-56.008
0.703	-55.984
0.704	-56.240
0.705	-56.325
0.706	-56.487
0.707	-56.484
0.708	-56.742
0.709	-56.822
0.710	-57.083
0.711	-57.205
0.712	-57.510
0.713	-57.773
0.714	-57.845
0.715	-58.117
0.716	-58.291
0.717	-58.447
0.718	-58.690
0.719	-58.764
0.720	-59.217
0.721	-59.407
0.722	-59.650
0.723	-59.788
0.724	-60.103
0.725	-60.230
0.726	-60.645
0.727	-60.810
0.728	-61.092
0.729	-61.528
0.730	-61.912
0.731	-62.026
0.732	-62.510
0.733	-62.841
0.734	-63.166
0.735	-63.811
0.736	-63.983
0.737	-64.480
0.738	-65.015
0.739	-65.699
0.740	-65.792
0.741	-66.330
0.742	-67.102
0.743	-67.009
0.744	-67.657
0.745	-68.102
0.746	-67.721
0.747	-67.751
0.748	-67.611
0.749	-66.946
0.750	-66.968
0.751	-66.402
0.752	-66.173
0.753	-65.246
0.754	-64.793
0.755	-64.011
0.756	-63.387
0.757	-62.764
0.758	-62.159
0.759	-61.424
0.760	-60.631
0.761	-59.878
0.762	-59.144
0.763	-58.436
0.764	-57.751
0.765	-57.053
0.766	-56.359
0.767	-55.515
0.768	-54.782
0.769	-53.967
0.770	-53.249
0.771	-52.564
0.772	-51.779
0.773	-50.988
0.774	-50.198
0.775	-49.426
0.776	-48.584
0.777	-47.767
0.778	-46.971
0.779	-46.128
0.780	-45.216
0.781	-44.351
0.782	-43.489
0.783	-42.519
0.784	-41.640
0.785	-40.605
0.786	-39.704
0.787	-38.671
0.788	-37.672
0.789	-36.658
0.790	-35.583
0.791	-34.517
0.792	-33.426
0.793	-32.336
0.794	-31.242
0.795	-30.162
0.796	-29.092
0.797	-28.040
0.798	-27.004
0.799	-26.017
0.800	-25.112
0.801	-24.262
0.802	-23.496
0.803	-22.819
0.804	-22.229
0.805	-21.739
0.806	-21.347
0.807	-21.052
0.808	-20.837
0.809	-20.709
0.810	-20.635
0.811	-20.619
0.812	-20.652
0.813	-20.709
0.814	-20.791
0.815	-20.897
0.816	-21.004
0.817	-21.110
0.818	-21.219
0.819	-21.321
0.820	-21.399
0.821	-21.484
0.822	-21.534
0.823	-21.580
0.824	-21.611
0.825	-21.627
0.826	-21.630
0.827	-21.628
0.828	-21.607
0.829	-21.588
0.830	-21.585
0.831	-21.585
0.832	-21.615
0.833	-21.680
0.834	-21.804
0.835	-21.985
0.836	-22.242
0.837	-22.591
0.838	-23.036
0.839	-23.575
0.840	-24.202
0.841	-24.901
0.842	-25.671
0.843	-26.479
0.844	-27.338
0.845	-28.210
0.846	-29.105
0.847	-29.991
0.848	-30.887
0.849	-31.773
0.850	-32.686
0.851	-33.569
0.852	-34.404
0.853	-35.300
0.854	-36.100
0.855	-36.948
0.856	-37.747
0.857	-38.553
0.858	-39.375
0.859	-40.093
0.860	-40.891
0.861	-41.528
0.862	-42.309
0.863	-42.913
0.864	-43.625
0.865	-44.322
0.866	-44.961
0.867	-45.598
0.868	-46.113
0.869	-46.754
0.870	-47.294
0.871	-47.873
0.872	-48.375
0.873	-48.849
0.874	-49.343
0.875	-49.800
0.876	-50.211
0.877	-50.635
0.878	-50.959
0.879	-51.287
0.880	-51.653
0.881	-51.893
0.882	-52.190
0.883	-52.522
0.884	-52.706
0.885	-52.929
0.886	-53.134
0.887	-53.301
0.888	-53.490
0.889	-53.667
0.890	-53.754
0.891	-53.927
0.892	-54.048
0.893	-54.243
0.894	-54.332
0.895	-54.417
0.896	-54.575
0.897	-54.561
0.898	-54.601
0.899	-54.679
0.900	-54.817
