Freq(Hz) 	Data
0.700	-45.164
0.702	-45.262
0.704	-45.395
0.706	-45.572
0.708	-45.762
0.710	-45.989
0.712	-46.267
0.714	-46.506
0.716	-46.758
0.718	-47.000
0.720	-47.269
0.722	-47.609
0.724	-47.957
0.726	-48.335
0.728	-48.692
0.730	-49.180
0.732	-49.586
0.734	-50.021
0.736	-50.409
0.738	-50.817
0.740	-51.199
0.742	-51.717
0.744	-52.240
0.746	-52.786
0.748	-53.436
0.750	-54.243
0.752	-54.895
0.754	-55.627
0.756	-56.498
0.758	-57.007
0.760	-57.512
0.762	-57.916
0.764	-58.632
0.766	-58.716
0.768	-59.047
0.770	-59.093
0.772	-59.148
0.774	-58.867
0.776	-58.531
0.778	-58.207
0.780	-57.821
0.782	-57.682
0.784	-57.236
0.786	-56.759
0.788	-56.315
0.790	-56.029
0.792	-55.598
0.794	-55.349
0.796	-54.937
0.798	-54.573
0.800	-54.289
0.802	-53.911
0.804	-53.524
0.806	-52.994
0.808	-52.768
0.810	-52.405
0.812	-52.117
0.814	-51.644
0.816	-51.305
0.818	-50.956
0.820	-50.529
0.822	-50.224
0.824	-49.832
0.826	-49.485
0.828	-49.110
0.830	-48.775
0.832	-48.432
0.834	-48.157
0.836	-47.875
0.838	-47.548
0.840	-47.291
0.842	-46.924
0.844	-46.559
0.846	-46.197
0.848	-45.825
0.850	-45.483
0.852	-45.140
0.854	-44.799
0.856	-44.434
0.858	-43.991
0.860	-43.612
0.862	-43.212
0.864	-42.765
0.866	-42.330
0.868	-41.838
0.870	-41.333
0.872	-40.687
0.874	-40.052
0.876	-39.330
0.878	-38.667
0.880	-37.797
0.882	-36.871
0.884	-35.970
0.886	-34.889
0.888	-33.723
0.890	-32.453
0.892	-31.085
0.894	-29.636
0.896	-28.109
0.898	-26.520
0.900	-24.889
0.902	-23.232
0.904	-21.581
0.906	-19.970
0.908	-18.438
0.910	-17.035
0.912	-15.788
0.914	-14.740
0.916	-13.879
0.918	-13.201
0.920	-12.678
0.922	-12.291
0.924	-12.011
0.926	-11.828
0.928	-11.729
0.930	-11.702
0.932	-11.738
0.934	-11.822
0.936	-11.949
0.938	-12.111
0.940	-12.306
0.942	-12.544
0.944	-12.834
0.946	-13.214
0.948	-13.715
0.950	-14.375
0.952	-15.220
0.954	-16.254
0.956	-17.469
0.958	-18.823
0.960	-20.261
0.962	-21.765
0.964	-23.288
0.966	-24.818
0.968	-26.303
0.970	-27.796
0.972	-29.242
0.974	-30.675
0.976	-32.045
0.978	-33.422
0.980	-34.738
0.982	-36.012
0.984	-37.283
0.986	-38.460
0.988	-39.629
0.990	-40.789
0.992	-41.826
0.994	-42.812
0.996	-43.785
0.998	-44.835
1.000	-45.750
1.002	-46.625
1.004	-47.495
1.006	-48.389
1.008	-49.159
1.010	-49.922
1.012	-50.691
1.014	-51.372
1.016	-51.873
1.018	-52.463
1.020	-52.821
1.022	-53.057
1.024	-53.455
1.026	-53.638
1.028	-53.855
1.030	-53.918
1.032	-53.821
1.034	-53.747
1.036	-53.416
1.038	-53.098
1.040	-52.571
1.042	-51.879
1.044	-51.231
1.046	-50.602
1.048	-50.009
1.050	-49.459
1.052	-48.973
1.054	-48.499
1.056	-48.142
1.058	-47.758
1.060	-47.451
1.062	-47.110
1.064	-46.815
1.066	-46.462
1.068	-46.133
1.070	-45.752
1.072	-45.371
1.074	-44.980
1.076	-44.569
1.078	-44.144
1.080	-43.704
1.082	-43.238
1.084	-42.825
1.086	-42.391
1.088	-42.013
1.090	-41.660
1.092	-41.249
1.094	-40.955
1.096	-40.754
1.098	-40.482
1.100	-40.323
