Freq(Hz) 	Data
0.700	-0.402
0.701	-0.407
0.702	-0.410
0.703	-0.410
0.704	-0.416
0.705	-0.418
0.706	-0.420
0.707	-0.425
0.708	-0.428
0.709	-0.430
0.710	-0.435
0.711	-0.439
0.712	-0.441
0.713	-0.446
0.714	-0.450
0.715	-0.454
0.716	-0.460
0.717	-0.465
0.718	-0.470
0.719	-0.474
0.720	-0.481
0.721	-0.487
0.722	-0.493
0.723	-0.496
0.724	-0.505
0.725	-0.510
0.726	-0.517
0.727	-0.523
0.728	-0.528
0.729	-0.537
0.730	-0.545
0.731	-0.549
0.732	-0.561
0.733	-0.566
0.734	-0.577
0.735	-0.584
0.736	-0.591
0.737	-0.602
0.738	-0.614
0.739	-0.621
0.740	-0.632
0.741	-0.645
0.742	-0.659
0.743	-0.666
0.744	-0.680
0.745	-0.694
0.746	-0.706
0.747	-0.716
0.748	-0.735
0.749	-0.749
0.750	-0.764
0.751	-0.780
0.752	-0.798
0.753	-0.816
0.754	-0.835
0.755	-0.855
0.756	-0.874
0.757	-0.894
0.758	-0.914
0.759	-0.938
0.760	-0.961
0.761	-0.988
0.762	-1.014
0.763	-1.042
0.764	-1.069
0.765	-1.101
0.766	-1.134
0.767	-1.166
0.768	-1.205
0.769	-1.244
0.770	-1.283
0.771	-1.327
0.772	-1.374
0.773	-1.421
0.774	-1.473
0.775	-1.527
0.776	-1.589
0.777	-1.651
0.778	-1.719
0.779	-1.795
0.780	-1.876
0.781	-1.960
0.782	-2.055
0.783	-2.156
0.784	-2.266
0.785	-2.389
0.786	-2.526
0.787	-2.676
0.788	-2.841
0.789	-3.026
0.790	-3.230
0.791	-3.464
0.792	-3.727
0.793	-4.022
0.794	-4.353
0.795	-4.734
0.796	-5.160
0.797	-5.654
0.798	-6.222
0.799	-6.872
0.800	-7.617
0.801	-8.463
0.802	-9.400
0.803	-10.395
0.804	-11.351
0.805	-12.113
0.806	-12.490
0.807	-12.368
0.808	-11.848
0.809	-11.111
0.810	-10.322
0.811	-9.572
0.812	-8.920
0.813	-8.372
0.814	-7.927
0.815	-7.568
0.816	-7.290
0.817	-7.091
0.818	-6.949
0.819	-6.858
0.820	-6.815
0.821	-6.805
0.822	-6.828
0.823	-6.868
0.824	-6.918
0.825	-6.973
0.826	-7.027
0.827	-7.075
0.828	-7.121
0.829	-7.166
0.830	-7.214
0.831	-7.272
0.832	-7.330
0.833	-7.391
0.834	-7.450
0.835	-7.498
0.836	-7.524
0.837	-7.522
0.838	-7.475
0.839	-7.388
0.840	-7.254
0.841	-7.079
0.842	-6.879
0.843	-6.662
0.844	-6.435
0.845	-6.206
0.846	-5.982
0.847	-5.768
0.848	-5.555
0.849	-5.350
0.850	-5.155
0.851	-4.966
0.852	-4.786
0.853	-4.614
0.854	-4.448
0.855	-4.287
0.856	-4.133
0.857	-3.989
0.858	-3.848
0.859	-3.713
0.860	-3.588
0.861	-3.462
0.862	-3.345
0.863	-3.232
0.864	-3.125
0.865	-3.024
0.866	-2.926
0.867	-2.835
0.868	-2.742
0.869	-2.656
0.870	-2.578
0.871	-2.498
0.872	-2.424
0.873	-2.351
0.874	-2.283
0.875	-2.218
0.876	-2.157
0.877	-2.098
0.878	-2.040
0.879	-1.986
0.880	-1.934
0.881	-1.884
0.882	-1.837
0.883	-1.789
0.884	-1.747
0.885	-1.704
0.886	-1.664
0.887	-1.625
0.888	-1.589
0.889	-1.552
0.890	-1.518
0.891	-1.485
0.892	-1.455
0.893	-1.424
0.894	-1.395
0.895	-1.368
0.896	-1.340
0.897	-1.314
0.898	-1.288
0.899	-1.264
0.900	-1.240
