Freq(Hz) 	Data
0.700	-0.346
0.702	-0.349
0.704	-0.351
0.706	-0.349
0.708	-0.352
0.710	-0.354
0.712	-0.354
0.714	-0.356
0.716	-0.359
0.718	-0.361
0.720	-0.362
0.722	-0.366
0.724	-0.366
0.726	-0.369
0.728	-0.373
0.730	-0.373
0.732	-0.375
0.734	-0.378
0.736	-0.381
0.738	-0.383
0.740	-0.387
0.742	-0.389
0.744	-0.393
0.746	-0.396
0.748	-0.400
0.750	-0.403
0.752	-0.406
0.754	-0.412
0.756	-0.415
0.758	-0.418
0.760	-0.422
0.762	-0.425
0.764	-0.431
0.766	-0.435
0.768	-0.440
0.770	-0.444
0.772	-0.450
0.774	-0.455
0.776	-0.462
0.778	-0.467
0.780	-0.473
0.782	-0.480
0.784	-0.489
0.786	-0.495
0.788	-0.503
0.790	-0.509
0.792	-0.517
0.794	-0.524
0.796	-0.534
0.798	-0.541
0.800	-0.551
0.802	-0.560
0.804	-0.570
0.806	-0.582
0.808	-0.593
0.810	-0.604
0.812	-0.617
0.814	-0.629
0.816	-0.642
0.818	-0.659
0.820	-0.671
0.822	-0.689
0.824	-0.704
0.826	-0.722
0.828	-0.740
0.830	-0.760
0.832	-0.780
0.834	-0.801
0.836	-0.823
0.838	-0.848
0.840	-0.874
0.842	-0.901
0.844	-0.928
0.846	-0.960
0.848	-0.994
0.850	-1.027
0.852	-1.065
0.854	-1.105
0.856	-1.144
0.858	-1.190
0.860	-1.237
0.862	-1.289
0.864	-1.345
0.866	-1.401
0.868	-1.465
0.870	-1.536
0.872	-1.609
0.874	-1.692
0.876	-1.779
0.878	-1.878
0.880	-1.984
0.882	-2.101
0.884	-2.234
0.886	-2.377
0.888	-2.543
0.890	-2.727
0.892	-2.944
0.894	-3.189
0.896	-3.481
0.898	-3.823
0.900	-4.235
0.902	-4.735
0.904	-5.346
0.906	-6.093
0.908	-6.996
0.910	-8.065
0.912	-9.277
0.914	-10.581
0.916	-11.894
0.918	-13.130
0.920	-14.221
0.922	-15.040
0.924	-15.423
0.926	-15.268
0.928	-14.664
0.930	-13.834
0.932	-12.990
0.934	-12.250
0.936	-11.667
0.938	-11.253
0.940	-11.013
0.942	-10.922
0.944	-10.950
0.946	-11.024
0.948	-11.008
0.950	-10.749
0.952	-10.153
0.954	-9.297
0.956	-8.352
0.958	-7.448
0.960	-6.656
0.962	-5.985
0.964	-5.428
0.966	-4.959
0.968	-4.567
0.970	-4.226
0.972	-3.936
0.974	-3.682
0.976	-3.458
0.978	-3.255
0.980	-3.075
0.982	-2.915
0.984	-2.768
0.986	-2.632
0.988	-2.509
0.990	-2.394
0.992	-2.291
0.994	-2.194
0.996	-2.104
0.998	-2.021
1.000	-1.943
1.002	-1.869
1.004	-1.801
1.006	-1.738
1.008	-1.677
1.010	-1.621
1.012	-1.570
1.014	-1.519
1.016	-1.473
1.018	-1.430
1.020	-1.388
1.022	-1.350
1.024	-1.313
1.026	-1.279
1.028	-1.246
1.030	-1.217
1.032	-1.187
1.034	-1.162
1.036	-1.135
1.038	-1.111
1.040	-1.088
1.042	-1.067
1.044	-1.047
1.046	-1.028
1.048	-1.009
1.050	-0.992
1.052	-0.976
1.054	-0.960
1.056	-0.946
1.058	-0.934
1.060	-0.922
1.062	-0.909
1.064	-0.899
1.066	-0.888
1.068	-0.880
1.070	-0.869
1.072	-0.861
1.074	-0.854
1.076	-0.848
1.078	-0.841
1.080	-0.833
1.082	-0.827
1.084	-0.821
1.086	-0.816
1.088	-0.811
1.090	-0.807
1.092	-0.801
1.094	-0.795
1.096	-0.790
1.098	-0.784
1.100	-0.777
